0010000011 001
0010000011 001
0010000001 010
0010000011 001
0100010001 010
0010001011 100
0010001010 100
0100001010 001
0010001011 100
0010011010 100
0010001010 001
0010000011 001
0010001010 010
0010001010 001
0010000001 001
0010001100 001
0010000001 010
0100011100 100
0010001001 001
0010000001 001
0010001100 010
0010001010 100
0010001011 001
0010011011 001
0010001011 100
0010001010 010
0010000001 010
0000000100 001
0010001010 001
0010001010 010
0010001010 001
0010001010 001
0010001010 001
0010000001 001
0010000001 001
0010011010 001
0100010100 010
0010000001 001
0010000100 001
0000000011 001
0010000001 010
0010000001 010
0000000011 001
0010001010 001
0010001010 001
0010001010 001
0000000001 001
0010000011 100
0010010001 001
0010001100 001
0000000011 010
0010101011 001
0010000001 010
0010001011 001
0010000011 100
0010000011 100
0010000011 100
0010000011 100
0010001011 001
0010000011 001
0010000011 010
0010001010 001
0010011001 010
0010000011 001
0000000011 010
0010000011 001
0010000001 001
0000001011 001
0010000011 001
0010001100 010
0010000011 001
0010000011 100
0000001100 001
0010011010 001
0010011010 010
0010011011 010
0010001011 001
0010001010 001
0010000011 100
0010000001 001
0000001011 010
0010001010 001
0010000001 001
0000000011 001
0010000001 100
0010001010 001
0010000001 001
0010001010 001
0000000100 001
0010001001 001